13.20462650 80.11740390
12.98217930 80.12950730
13.09246790 80.13724310
13.03033510 80.13845730
13.16300780 80.26140370
12.93245050 80.14268050
13.20186710 80.27115880
13.00520870 80.13593350
12.91978360 80.25112370
12.92181880 80.20842730
13.15211630 80.20005960
13.10119430 80.09297370
13.03761860 80.15318870
12.96821260 80.25994270
13.04138940 80.12671360
12.94372470 80.18622280
12.96821260 80.25994270
12.99766800 80.09720030
12.83202180 80.06803190
12.83202180 80.06803190
12.96536320 80.20165390
13.06123780 80.16389920
13.01612180 80.17591530
12.78462720 80.02543400
12.91714270 80.19234890
12.98695130 80.17150270
12.93456810 80.16937100
13.02061890 80.16523350
13.13009550 80.03254580
12.98642140 80.06501740
12.84627080 80.06869520
13.19336830 80.16099950
13.04677380 80.07952970
12.88565700 80.10898200
12.94916870 80.25458910
13.11844430 80.04935920
13.06783910 80.18591830
13.07539700 80.16797580
13.19709170 80.17688400
12.96165120 80.25963990
12.93479700 80.21076310
12.97807310 80.13684350
13.02114350 80.13134740
12.90927790 80.10237590
12.90475900 80.08908420
12.96536520 80.24610570
12.98977020 80.14342420
13.04726090 80.09453070
13.03818960 80.15654610
13.12161070 80.18471670
13.17098380 80.19910950
12.96978390 80.19428230
13.03174430 80.18167190
12.92344920 80.15876940
13.05786940 80.11550630
12.90098770 80.22793010
13.01482110 80.10186060
12.76213400 80.00597900
12.96866280 80.05628640
13.24807890 80.17495160
13.00505600 80.19330600
13.18556870 80.18053180
13.04854980 80.06187430
12.95812020 80.11922810
13.11979980 80.03071730
12.96952120 80.17037060
13.07063650 80.12897880
12.86267590 80.06931650
13.04847180 80.17749020
13.05448320 80.16119550
12.89319140 80.08158480
12.90306580 80.18897470
