0 37 27 35 18 47 22 35 53 50 14 19 30 47 32 52 47 32 52 52 46 29 34 58 50 43 49 33 19 34 50 5 27 50 51 17 26 26 7 48 48 38 34 48 48 47 40 27 31 20 10 43 34 47 29 56 32 61 37 15 38 8 29 38 20 43 31 51 30 31 44 52
38 0 19 9 35 8 38 3 20 16 29 24 11 21 11 10 21 4 23 23 12 13 9 30 14 6 10 10 24 8 22 38 12 15 19 20 17 18 41 19 14 1 8 11 12 17 3 12 10 25 29 10 14 13 12 21 6 33 10 40 12 32 14 4 24 6 15 23 12 13 16 15
21 21 0 12 21 31 25 14 32 29 16 7 10 27 10 25 27 17 36 36 25 8 14 43 35 23 34 13 14 19 34 22 10 30 30 12 9 5 20 28 28 23 13 27 31 27 18 9 10 10 16 22 14 32 6 34 12 46 21 27 18 19 12 22 14 24 3 36 9 7 29 37
31 9 11 0 26 25 30 4 24 21 21 11 2 19 3 17 19 8 31 31 17 7 6 38 22 15 19 4 23 12 29 27 10 24 22 19 9 9 25 20 20 9 1 21 25 19 7 6 2 16 20 14 6 26 5 27 6 40 15 32 10 23 12 11 23 16 8 30 5 4 23 24
18 34 21 27 0 46 6 29 34 36 11 27 24 29 28 32 29 33 51 51 33 20 29 58 50 30 49 28 31 40 49 14 31 45 32 29 17 20 12 30 35 33 28 41 45 29 32 30 25 12 8 29 22 47 30 36 31 61 42 16 27 10 33 46 31 31 26 51 21 25 44 52
47 8 32 26 46 0 50 13 18 10 41 33 25 19 28 8 19 15 17 17 12 28 16 23 6 9 5 18 33 17 15 47 21 10 18 29 29 29 45 18 11 7 18 7 11 16 8 21 25 37 41 11 17 3 25 12 18 26 14 52 15 44 23 7 33 8 29 16 28 25 9 8
21 38 24 31 5 49 0 32 40 40 14 31 28 35 31 36 35 36 54 54 36 23 32 61 53 34 52 31 34 43 53 17 34 48 38 32 21 23 15 36 38 37 32 45 49 35 36 33 28 15 12 33 25 50 34 45 34 64 45 16 30 14 36 49 35 34 29 54 24 28 47 55
34 3 15 4 29 13 33 0 25 22 24 16 5 20 8 15 20 6 28 28 18 7 5 35 18 10 17 4 24 11 26 30 12 26 23 20 12 12 28 21 21 7 3 16 24 20 5 11 5 20 24 15 8 18 10 25 7 37 13 35 9 27 14 8 24 10 12 28 7 8 21 20
53 21 34 25 36 18 44 26 0 14 43 35 24 7 27 13 7 31 32 32 13 26 20 39 11 22 15 22 49 33 30 49 37 36 4 46 26 31 47 6 12 20 26 23 27 8 21 30 23 31 42 14 21 15 29 6 34 42 31 54 19 45 40 20 49 16 31 32 23 26 25 11
55 14 30 21 37 10 40 18 11 0 39 32 20 11 24 5 11 18 25 25 7 22 17 32 3 15 7 18 42 26 23 45 30 18 10 38 22 27 43 10 2 13 22 15 19 8 14 30 20 28 39 8 17 7 25 9 20 34 23 50 15 42 32 13 42 9 27 24 20 23 17 5
14 30 13 23 11 41 14 24 43 39 0 16 20 37 23 35 37 28 47 47 36 18 24 53 46 33 45 23 22 35 45 10 26 40 41 20 15 15 8 38 38 30 24 37 41 37 28 25 20 10 3 32 24 42 26 45 26 56 37 15 28 6 29 42 22 34 21 46 20 20 39 48
19 21 7 11 32 31 36 15 35 31 19 0 12 29 9 28 29 16 36 36 28 13 16 43 35 26 34 15 10 19 34 17 10 34 33 8 14 11 19 30 30 23 12 32 32 29 24 8 12 16 18 25 16 31 6 37 11 45 21 27 20 21 12 22 10 26 6 35 15 12 29 37
31 10 11 3 26 23 29 4 22 19 20 13 0 17 5 15 17 9 29 29 15 4 4 36 20 13 17 3 24 13 27 26 11 23 20 20 8 9 24 18 18 10 4 19 23 17 8 8 0 16 20 12 4 25 7 25 9 38 16 31 8 23 14 12 24 14 7 28 3 3 21 22
47 18 27 19 29 18 38 20 5 10 37 29 18 0 21 10 0 22 32 32 10 19 14 39 11 17 13 16 40 28 30 43 27 26 3 37 19 25 41 1 9 17 20 22 26 2 19 24 17 25 36 11 15 15 23 9 25 42 30 48 13 39 30 18 40 14 25 32 17 20 25 13
32 11 9 2 27 26 30 6 25 22 21 9 3 20 0 18 20 7 29 29 18 8 7 36 23 16 20 6 20 11 27 27 7 25 23 17 9 10 25 21 21 13 3 22 25 20 9 4 3 17 21 15 7 27 3 27 5 38 14 32 11 24 10 13 20 17 6 28 6 5 21 25
49 10 38 18 34 8 37 15 11 7 47 28 17 11 20 0 11 14 23 23 5 19 14 30 4 11 2 15 35 19 21 53 23 17 10 32 19 36 51 10 4 9 16 13 17 8 10 23 16 25 47 4 14 5 22 9 16 32 21 58 12 50 25 9 35 5 36 22 16 31 15 5
47 18 27 19 29 18 38 20 5 10 37 29 18 0 21 10 0 22 32 32 10 19 14 39 11 17 13 16 40 28 30 43 27 26 3 37 19 25 41 1 9 17 20 22 26 2 19 24 17 25 36 11 15 15 23 9 25 42 30 48 13 39 30 18 40 14 25 32 17 20 25 13
33 4 14 8 33 16 36 6 25 24 27 20 10 25 7 16 25 0 21 21 18 13 10 28 20 11 19 9 19 4 19 34 7 19 24 16 15 14 36 25 20 6 6 18 17 23 7 8 9 22 27 15 12 16 7 26 2 30 6 44 17 30 10 6 19 10 11 21 11 12 14 22
54 21 37 31 51 17 55 30 33 25 46 40 29 33 33 23 33 23 0 0 26 32 33 10 21 23 20 32 40 25 2 52 28 14 32 37 34 34 50 32 26 21 29 10 10 30 22 28 30 41 45 25 33 18 33 27 25 13 22 57 29 48 31 17 40 22 34 5 33 29 8 23
54 21 37 31 51 17 55 30 33 25 46 40 29 33 33 23 33 23 0 0 26 32 33 10 21 23 20 32 40 25 2 52 28 14 32 37 34 34 50 32 26 21 29 10 10 30 22 28 30 41 45 25 33 18 33 27 25 13 22 57 29 48 31 17 40 22 34 5 33 29 8 23
44 12 24 15 31 12 34 16 11 7 33 26 14 9 18 4 9 16 26 26 0 16 11 33 7 7 6 12 37 21 24 39 25 19 10 33 16 21 37 10 5 11 16 16 20 7 10 20 14 22 33 1 11 9 19 12 18 35 23 44 9 36 27 11 37 4 21 25 14 17 18 9
27 13 7 5 22 25 25 8 26 23 16 11 3 21 7 19 21 12 30 30 19 0 8 37 29 17 28 6 22 18 28 22 9 24 24 19 4 4 20 22 22 13 7 20 24 21 11 8 4 12 16 16 5 26 9 28 10 39 21 27 12 19 12 25 22 18 4 30 2 0 23 31
34 9 14 6 29 17 33 5 20 17 24 16 5 14 8 13 14 10 32 32 13 7 0 39 17 11 15 1 28 15 30 30 15 27 18 24 12 12 28 15 15 8 5 24 28 14 6 11 4 19 23 10 2 18 10 22 9 41 17 35 4 26 17 13 28 11 12 32 5 7 25 19
61 28 43 37 58 23 62 36 40 32 53 47 36 40 40 30 40 29 10 10 33 39 40 0 28 30 27 39 47 31 11 59 35 21 39 44 41 41 57 39 32 28 36 17 17 37 29 35 37 48 52 32 40 25 39 34 32 4 29 64 35 55 37 24 47 29 41 11 39 36 15 30
52 13 36 30 51 6 54 17 11 3 45 38 29 12 32 4 12 20 21 21 7 32 17 28 0 13 4 19 38 22 19 52 26 15 11 34 33 34 50 11 4 12 23 11 15 9 13 26 29 29 45 7 18 3 30 5 23 30 19 57 16 48 28 12 38 8 34 21 20 29 13 1
41 8 21 13 28 10 32 11 17 13 30 23 12 15 15 7 15 12 24 24 6 13 8 31 11 0 10 10 34 17 22 36 21 17 16 31 14 19 34 16 12 6 14 14 18 15 7 18 11 19 30 4 8 13 17 18 14 33 18 41 6 33 24 9 34 4 19 23 11 14 16 15
51 11 35 29 50 5 53 16 13 7 44 37 28 13 31 2 13 19 20 20 6 31 15 27 4 12 0 17 37 21 18 50 25 14 12 33 32 33 48 13 8 10 17 10 14 11 11 25 28 40 44 5 15 2 29 10 22 29 18 55 13 47 27 9 37 7 33 19 18 28 12 5
33 10 13 4 28 19 31 4 21 18 22 15 4 16 7 14 16 9 30 30 14 6 1 37 19 12 17 0 26 13 29 28 13 26 20 23 10 11 26 17 17 8 4 23 27 16 6 10 3 18 22 11 3 20 9 24 8 40 15 33 5 25 16 12 26 13 11 30 4 6 23 21
19 24 14 22 33 34 36 24 49 41 29 10 23 40 19 39 40 19 39 39 41 23 27 46 38 31 37 25 0 22 37 19 14 37 48 3 25 24 21 41 43 26 23 35 35 46 27 14 23 21 25 35 26 34 16 44 19 48 24 29 31 22 17 25 1 30 21 38 25 22 32 40
35 8 20 12 40 18 44 10 33 26 35 22 15 33 11 23 33 4 23 23 26 21 14 30 22 15 21 13 21 0 21 36 9 22 32 18 22 21 38 32 28 10 11 20 19 30 11 10 13 30 34 25 16 18 14 28 6 33 2 46 21 37 12 9 21 15 18 23 15 20 16 24
53 20 36 30 51 16 54 29 32 24 45 40 29 32 32 23 32 22 2 2 25 32 33 9 21 22 19 32 39 24 0 51 28 13 31 36 33 33 49 32 25 20 29 10 9 30 21 28 29 41 45 25 33 17 32 26 25 12 21 56 28 48 30 16 40 21 34 4 32 29 7 22
5 42 17 29 14 47 17 30 48 45 9 17 26 43 29 41 43 37 52 52 41 24 30 59 51 39 50 29 24 40 50 0 32 46 46 22 21 21 2 44 44 44 29 43 47 43 34 32 26 16 6 38 30 48 23 50 32 62 42 10 34 3 35 43 25 40 27 52 26 26 45 53
28 15 12 12 33 26 36 16 35 33 27 12 13 30 9 31 30 11 30 30 28 13 17 37 29 22 28 15 15 13 29 29 0 29 33 11 15 14 31 31 31 17 13 27 27 30 19 4 13 22 27 25 16 26 6 35 11 40 15 38 21 30 2 17 15 22 11 30 15 12 23 31
51 22 34 28 48 14 52 27 37 25 43 37 26 42 30 19 42 20 11 11 29 29 30 18 21 20 16 29 37 22 9 49 25 0 39 34 31 31 47 41 25 18 26 3 7 31 19 25 27 38 42 22 30 14 30 30 22 20 19 54 26 45 28 18 37 19 31 10 30 26 5 20
49 16 29 21 31 16 40 21 3 9 38 31 20 2 23 9 2 21 30 30 8 21 16 37 9 17 11 18 41 26 28 44 29 24 0 38 21 27 42 1 7 15 22 21 25 3 16 25 19 27 38 10 16 13 25 7 23 40 28 49 15 41 32 16 42 12 27 30 19 22 23 11
17 22 11 20 32 32 35 22 47 39 22 9 20 38 17 37 38 17 37 37 39 21 25 44 36 29 35 23 3 20 35 18 12 35 46 0 23 21 20 39 41 24 21 33 33 44 25 12 21 19 24 33 24 32 14 42 17 46 22 28 29 21 10 23 3 28 19 36 23 20 30 37
26 17 8 8 18 28 21 11 25 22 15 14 7 20 10 18 20 15 33 33 18 3 11 40 32 16 31 10 25 22 31 21 13 27 23 22 0 3 19 21 21 16 10 24 28 20 15 11 7 9 15 15 4 29 12 27 13 43 24 26 15 18 15 28 25 17 8 33 4 4 26 34
25 16 5 9 20 27 24 11 29 26 15 11 6 23 9 22 23 14 33 33 22 4 10 40 32 20 31 9 24 20 31 21 11 26 27 21 3 0 19 24 24 16 10 23 27 23 14 10 7 11 14 19 10 28 11 31 12 42 23 26 14 17 14 28 24 20 6 32 5 5 25 34
7 34 20 26 12 45 15 28 46 43 7 19 24 41 27 39 41 39 50 50 39 22 28 57 49 37 48 27 25 41 48 2 30 44 44 23 19 19 0 42 42 33 27 41 45 41 32 29 24 13 4 36 28 46 30 48 30 60 43 7 32 2 32 45 27 38 25 50 24 24 43 51
48 18 28 20 30 18 39 20 5 10 37 30 19 1 22 10 1 22 32 32 10 20 15 39 11 17 12 17 43 28 30 43 28 26 3 40 20 26 41 0 9 17 21 22 26 2 18 25 18 26 37 12 15 15 24 9 26 41 29 48 14 40 31 18 43 14 26 32 18 21 25 13
48 13 29 20 36 11 39 17 10 2 38 30 19 10 22 4 10 17 25 25 5 21 16 32 4 14 6 17 38 22 24 44 26 19 9 34 21 26 42 9 0 12 21 16 20 7 13 25 18 27 37 7 16 8 24 11 19 35 24 49 14 40 28 12 38 8 26 25 18 21 18 6
40 1 20 9 33 7 36 7 19 14 29 26 10 20 13 9 20 6 23 23 10 13 8 30 12 5 11 8 26 10 21 40 14 14 18 22 18 17 33 18 13 0 8 11 12 16 1 14 10 24 29 9 13 10 14 20 8 33 12 40 11 32 16 3 26 5 17 23 12 13 16 14
33 8 13 1 28 18 31 3 25 22 22 12 4 20 4 18 20 6 28 28 18 7 5 35 23 12 20 4 24 11 26 29 11 26 23 20 10 11 27 21 21 8 0 23 24 20 6 7 4 18 22 15 7 23 6 28 4 37 13 33 11 25 13 10 24 11 9 27 6 6 21 25
47 11 27 21 42 7 45 24 23 15 36 31 20 23 23 14 23 17 10 10 16 23 24 17 11 13 10 22 35 19 8 42 23 4 22 31 24 24 40 23 16 11 23 0 5 21 12 23 20 32 36 15 24 8 25 17 20 20 14 47 19 39 25 7 35 12 24 10 23 20 3 13
44 12 28 22 42 8 46 25 24 16 37 31 20 24 24 14 24 13 10 10 17 23 25 17 12 14 11 23 30 15 8 43 18 5 23 27 25 25 41 23 17 12 23 1 0 21 13 19 21 32 36 16 24 9 23 18 15 20 12 48 20 39 21 8 30 13 25 10 24 21 2 14
46 16 27 18 30 16 37 19 6 8 36 28 17 3 20 8 3 21 30 30 7 19 14 37 9 16 11 15 41 26 28 42 27 24 4 38 19 24 40 2 7 15 19 20 25 0 16 23 17 25 35 8 14 13 22 7 24 40 28 47 12 38 29 16 41 12 24 30 16 20 23 11
41 2 18 7 33 8 36 5 19 15 27 20 9 20 12 10 20 7 25 25 11 11 6 32 13 5 12 6 27 11 23 33 15 16 18 23 15 15 31 19 14 1 6 13 13 17 0 15 8 23 27 9 9 11 14 20 9 34 13 38 11 30 17 5 27 5 16 24 10 11 18 15
29 12 9 6 29 22 33 10 29 26 24 8 7 24 4 27 24 7 27 27 22 10 11 34 26 19 25 10 15 10 25 29 2 25 27 11 12 10 28 25 25 14 7 23 23 24 15 0 7 19 23 19 11 22 3 32 6 36 12 35 15 26 4 13 15 21 7 26 10 9 20 28
31 10 11 3 26 24 29 5 23 20 21 13 0 17 5 16 17 9 29 29 16 3 4 36 20 14 18 3 24 13 28 27 11 23 21 21 8 9 25 18 18 10 4 20 24 17 8 8 0 16 20 13 3 25 7 25 9 39 16 32 8 23 14 12 24 14 6 29 3 2 22 22
20 25 10 16 12 36 15 19 31 27 9 15 15 25 18 23 25 23 41 41 23 11 15 48 28 21 26 18 21 30 39 15 21 35 29 19 8 9 13 26 26 24 18 32 36 25 24 20 15 0 9 20 13 37 20 33 21 51 32 20 18 12 23 36 21 22 16 41 12 12 34 30
12 29 16 22 10 40 14 24 42 39 3 18 19 36 23 35 36 28 46 46 35 18 23 53 45 33 44 22 23 34 44 8 25 39 40 21 15 15 6 37 37 29 23 36 40 36 27 24 20 9 0 32 23 41 25 44 26 55 37 13 27 4 28 41 23 33 20 45 19 20 38 47
43 10 23 14 30 11 34 15 12 8 32 25 13 11 17 3 11 14 25 25 1 15 10 32 7 6 5 12 36 21 23 38 23 19 11 33 15 20 36 12 7 9 15 15 19 8 9 19 13 21 32 0 10 9 19 13 16 34 22 43 8 35 25 11 36 2 21 25 13 16 18 9
33 15 14 5 22 17 25 8 20 17 23 16 3 15 7 13 15 11 32 32 13 5 2 39 18 11 15 4 27 16 30 29 14 26 18 23 5 8 27 16 16 14 6 23 27 15 9 10 3 13 23 10 0 18 9 22 11 42 18 34 6 26 16 16 27 12 10 32 2 4 25 19
48 10 32 26 47 2 50 20 16 8 42 34 25 17 29 6 17 16 17 17 10 28 19 24 4 11 3 28 34 18 15 48 22 11 16 30 30 30 46 17 9 10 28 7 11 15 10 22 25 37 41 9 19 0 26 10 19 27 16 53 17 44 24 11 34 11 30 17 28 25 10 6
31 12 8 6 26 30 30 9 29 25 21 10 6 23 3 22 23 8 30 30 22 7 10 37 35 20 34 9 21 13 28 27 9 29 27 18 8 7 25 24 24 14 6 26 26 23 13 5 7 16 20 19 10 31 0 31 6 39 15 32 14 23 11 14 21 20 4 29 9 6 23 37
56 17 41 26 56 11 59 22 5 8 50 43 25 10 28 8 10 25 26 26 12 37 21 33 4 18 8 23 43 27 24 56 31 19 7 39 38 38 54 9 8 16 27 16 20 7 17 31 24 32 50 11 21 8 35 0 28 35 24 61 20 53 33 17 43 13 39 25 24 34 18 5
33 6 12 6 31 19 34 7 28 26 25 11 8 25 5 18 25 2 24 24 23 11 9 31 23 13 22 8 20 7 22 34 8 22 27 16 13 12 29 26 22 8 4 20 20 25 9 6 8 20 25 20 12 19 5 29 0 33 9 36 16 28 10 8 20 13 9 23 11 10 17 25
64 31 46 40 61 27 65 40 53 35 56 50 39 43 43 33 43 32 13 13 36 42 43 5 31 33 30 42 50 34 14 62 38 24 42 47 44 44 60 42 35 31 39 20 20 40 32 38 40 51 55 35 43 28 42 37 35 0 32 67 38 58 40 27 50 32 44 14 42 39 18 33
37 10 22 15 42 16 46 13 30 23 37 24 17 30 14 21 30 6 20 20 23 23 17 27 19 17 18 15 24 2 18 38 12 19 29 20 25 24 40 30 25 12 13 13 17 28 13 12 15 32 37 22 18 16 16 25 9 30 0 48 23 40 14 9 24 19 21 20 18 22 13 21
15 40 27 33 16 52 14 35 53 50 14 27 30 48 34 46 48 39 57 57 46 29 35 64 56 44 55 34 34 46 55 10 37 51 51 31 26 26 8 49 49 40 34 47 51 48 38 36 31 20 11 43 35 53 37 55 37 67 48 0 39 9 39 52 35 45 32 57 31 31 50 58
37 14 18 9 32 15 36 10 18 15 27 19 8 13 11 11 13 15 29 29 11 10 5 36 16 9 13 6 31 20 27 33 18 23 16 27 10 15 31 14 14 12 10 20 24 13 12 14 8 18 27 8 5 16 13 20 15 39 24 38 0 30 20 14 31 10 15 29 7 11 22 18
8 32 19 25 11 43 14 27 45 42 6 21 22 40 26 38 40 31 49 49 38 21 26 56 48 36 47 25 27 37 47 3 28 42 43 24 18 18 2 41 40 32 26 39 43 39 30 27 23 12 3 35 26 44 28 47 29 58 40 9 31 0 31 44 28 37 23 48 22 23 41 50
29 16 12 12 33 26 36 16 35 33 27 12 13 30 10 31 30 11 31 31 28 14 17 38 30 23 28 16 15 13 29 29 4 29 33 11 15 14 32 31 31 18 13 27 27 30 19 4 13 23 27 25 17 26 6 35 11 40 16 38 21 30 0 17 14 22 11 30 15 12 23 31
39 4 23 11 37 7 40 8 19 15 31 25 13 19 13 9 19 6 19 19 12 15 13 26 13 7 9 12 25 9 17 40 13 10 18 22 19 20 42 18 14 3 10 7 8 16 5 13 12 27 31 11 15 9 17 20 8 28 9 42 13 34 16 0 25 7 17 18 14 15 12 14
20 25 14 23 35 35 38 25 49 42 25 11 23 40 20 40 40 20 40 40 42 24 27 47 38 31 37 26 1 22 38 21 15 38 48 4 25 24 23 41 44 26 23 36 36 47 28 15 24 22 27 36 27 35 17 44 20 49 25 31 31 24 14 26 0 31 21 39 26 23 32 40
46 6 26 18 33 7 37 10 14 10 35 28 17 15 20 5 15 12 21 21 4 18 13 28 8 5 7 15 32 16 19 41 20 15 13 28 19 24 39 14 9 5 11 12 16 12 5 20 16 24 35 2 13 10 22 15 15 31 16 46 11 38 22 6 32 0 24 21 16 19 14 10
30 15 3 8 25 29 29 11 30 26 20 6 8 24 6 22 24 11 35 35 22 6 11 42 34 20 33 10 21 18 33 26 9 28 28 18 8 6 24 25 25 17 9 25 31 24 15 7 7 15 20 19 11 30 3 32 9 44 20 31 15 23 11 21 21 21 0 34 8 5 28 36
50 17 32 27 47 13 51 26 29 21 42 36 25 29 29 19 29 19 5 5 22 28 29 12 17 19 16 28 36 20 4 48 24 10 28 33 30 30 46 28 22 17 25 6 6 26 18 24 26 37 41 21 29 14 28 23 21 15 18 53 25 44 27 13 36 18 30 0 29 25 4 19
29 12 10 5 24 27 28 7 23 19 19 14 3 17 7 16 17 11 33 33 16 2 5 40 20 14 18 4 25 21 31 25 12 26 21 21 3 5 23 18 18 12 6 23 27 17 10 11 3 12 18 12 2 28 12 25 11 42 23 30 8 21 14 14 25 14 7 32 0 2 25 22
28 13 8 4 23 24 27 8 26 22 18 12 3 20 7 19 20 12 29 29 19 1 7 36 29 17 27 6 23 19 28 24 10 23 24 19 4 4 22 21 21 13 6 20 24 20 11 9 4 12 17 16 4 25 10 28 10 39 21 29 11 20 12 24 23 17 5 29 2 0 22 30
45 16 29 23 44 9 47 21 26 18 38 32 22 26 22 16 26 14 8 8 18 25 26 15 14 15 13 25 32 16 6 46 20 7 25 28 26 27 42 25 18 16 21 3 2 23 18 20 22 34 38 18 26 10 24 20 17 18 13 49 21 41 22 12 32 15 27 8 25 22 0 16
54 14 38 32 53 8 56 19 11 5 47 40 31 14 34 5 14 22 28 28 9 34 19 35 1 15 5 21 40 24 26 53 28 20 14 36 35 36 51 13 6 14 20 13 17 11 14 28 31 30 47 9 19 5 32 6 25 37 21 58 17 50 30 14 40 10 36 27 22 31 15 0
